1
2
3
4
5
6
7
8
9
10
20
30
40
50
60
70
80
90
100
200
300
400
500
600
700
800
900
1000
2000
3000
4000
5000
6000
7000
8000
9000
10000
20000
30000
40000
50000
60000
70000
80000
90000
100000
200000
300000
400000
500000
600000
700000
800000
900000
1000000
2000000
3000000
4000000
5000000
6000000
7000000
8000000
9000000
10000000
10000001
10000002
10000003
10000004
10000005
10000006
10000007
10000008
10000009
10000010
10000020
10000030
10000040
10000050
10000060
10000070
10000080
10000090
10000100
10000200
10000300
10000400
10000500
10000600
10000700
10000800
10000900
10001000
10002000
10003000
10004000
10005000
10006000
10007000
10008000
10009000
10010000
10020000
10030000
10040000
10050000
10060000
10070000
10080000
10090000
10100000
10200000
10300000
10400000
10500000
10600000
10700000
10800000
10900000
11000000
12000000
13000000
14000000
15000000
16000000
17000000
18000000
19000000
20000000
20000001
20000002
20000003
20000004
20000005
20000006
20000007
20000008
20000009
20000010
20000020
20000030
20000040
20000050
20000060
20000070
20000080
20000090
20000100
20000200
20000300
20000400
20000500
20000600
20000700
20000800
20000900
20001000
20002000
20003000
20004000
20005000
20006000
20007000
20008000
20009000
20010000
20020000
20030000
20040000
20050000
20060000
20070000
20080000
20090000
20100000
20200000
20300000
20400000
20500000
20600000
20700000
20800000
20900000
21000000
22000000
23000000
24000000
25000000
26000000
27000000
28000000
29000000
30000000
30000001
30000002
30000003
30000004
30000005
30000006
30000007
30000008
30000009
30000010
30000020
30000030
30000040
30000050
30000060
30000070
30000080
30000090
30000100
30000200
30000300
30000400
30000500
30000600
30000700
30000800
30000900
30001000
30002000
30003000
30004000
30005000
30006000
30007000
30008000
30009000
30010000
30020000
30030000
30040000
30050000
30060000
30070000
30080000
30090000
30100000
30200000
30300000
30400000
30500000
30600000
30700000
30800000
30900000
31000000
32000000
33000000
34000000
35000000
36000000
37000000
38000000
39000000
40000000
40000001
40000002
40000003
40000004
40000005
40000006
40000007
40000008
40000009
40000010
40000020
40000030
40000040
40000050
40000060
40000070
40000080
40000090
40000100
40000200
40000300
40000400
40000500
40000600
40000700
40000800
40000900
40001000
40002000
40003000
40004000
40005000
40006000
40007000
40008000
40009000
40010000
40020000
40030000
40040000
40050000
40060000
40070000
40080000
40090000
40100000
40200000
40300000
40400000
40500000
40600000
40700000
40800000
40900000
41000000
42000000
43000000
44000000
45000000
46000000
47000000
48000000
49000000
50000000
50000001
50000002
50000003
50000004
50000005
50000006
50000007
50000008
50000009
50000010
50000020
50000030
50000040
50000050
50000060
50000070
50000080
50000090
50000100
50000200
50000300
50000400
50000500
50000600
50000700
50000800
50000900
50001000
50002000
50003000
50004000
50005000
50006000
50007000
50008000
50009000
50010000
50020000
50030000
50040000
50050000
50060000
50070000
50080000
50090000
50100000
50200000
50300000
50400000
50500000
50600000
50700000
50800000
50900000
51000000
52000000
53000000
54000000
55000000
56000000
57000000
58000000
59000000
60000000
60000001
60000002
60000003
60000004
60000005
60000006
60000007
60000008
60000009
60000010
60000020
60000030
60000040
60000050
60000060
60000070
60000080
60000090
60000100
60000200
60000300
60000400
60000500
60000600
60000700
60000800
60000900
60001000
60002000
60003000
60004000
60005000
60006000
60007000
60008000
60009000
60010000
60020000
60030000
60040000
60050000
60060000
60070000
60080000
60090000
60100000
60200000
60300000
60400000
60500000
60600000
60700000
60800000
60900000
61000000
62000000
63000000
64000000
65000000
66000000
67000000
68000000
69000000
70000000
70000001
70000002
70000003
70000004
70000005
70000006
70000007
70000008
70000009
70000010
70000020
70000030
70000040
70000050
70000060
70000070
70000080
70000090
70000100
70000200
70000300
70000400
70000500
70000600
70000700
70000800
70000900
70001000
70002000
70003000
70004000
70005000
70006000
70007000
70008000
70009000
70010000
70020000
70030000
70040000
70050000
70060000
70070000
70080000
70090000
70100000
70200000
70300000
70400000
70500000
70600000
70700000
70800000
70900000
71000000
72000000
73000000
74000000
75000000
76000000
77000000
78000000
79000000
80000000
80000001
80000002
80000003
80000004
80000005
80000006
80000007
80000008
80000009
80000010
80000020
80000030
80000040
80000050
80000060
80000070
80000080
80000090
80000100
80000200
80000300
80000400
80000500
80000600
80000700
80000800
80000900
80001000
80002000
80003000
80004000
80005000
80006000
80007000
80008000
80009000
80010000
80020000
80030000
80040000
80050000
80060000
80070000
80080000
80090000
80100000
80200000
80300000
80400000
80500000
80600000
80700000
80800000
80900000
81000000
82000000
83000000
84000000
85000000
86000000
87000000
88000000
89000000
90000000
90000001
90000002
90000003
90000004
90000005
90000006
90000007
90000008
90000009
90000010
90000020
90000030
90000040
90000050
90000060
90000070
90000080
90000090
90000100
90000200
90000300
90000400
90000500
90000600
90000700
90000800
90000900
90001000
90002000
90003000
90004000
90005000
90006000
90007000
90008000
90009000
90010000
90020000
90030000
90040000
90050000
90060000
90070000
90080000
90090000
90100000
90200000
90300000
90400000
90500000
90600000
90700000
90800000
90900000
91000000
92000000
93000000
94000000
95000000
96000000
97000000
98000000
99000000
100000000
100000001
100000002
100000003
100000004
100000005
100000006
100000007
100000008
100000009
100000010
100000020
100000030
100000040
100000050
100000060
100000070
100000080
100000090
100000100
100000200
100000300
100000400
100000500
100000600
100000700
100000800
100000900
100001000
100002000
100003000
100004000
100005000
100006000
100007000
100008000
100009000
100010000
100020000
100030000
100040000
100050000
100060000
100070000
100080000
100090000
100100000
100200000
100300000
100400000
100500000
100600000
100700000
100800000
100900000
101000000
102000000
103000000
104000000
105000000
106000000
107000000
108000000
109000000
110000000
110000001
110000002
110000003
110000004
110000005
110000006
110000007
110000008
110000009
110000010
110000020
110000030
110000040
110000050
110000060
110000070
110000080
110000090
110000100
110000200
110000300
110000400
110000500
110000600
110000700
110000800
110000900
110001000
110002000
110003000
110004000
110005000
110006000
110007000
110008000
110009000
110010000
110020000
110030000
110040000
110050000
110060000
110070000
110080000
110090000
110100000
110200000
110300000
110400000
110500000
110600000
110700000
110800000
110900000
111000000
112000000
113000000
114000000
115000000
116000000
117000000
118000000
119000000
120000000
120000001
120000002
120000003
120000004
120000005
120000006
120000007
120000008
120000009
120000010
120000020
120000030
120000040
120000050
120000060
120000070
120000080
120000090
120000100
120000200
120000300
120000400
120000500
120000600
120000700
120000800
120000900
120001000
120002000
120003000
120004000
120005000
120006000
120007000
120008000
120009000
120010000
120020000
120030000
120040000
120050000
120060000
120070000
120080000
120090000
120100000
120200000
120300000
120400000
120500000
120600000
120700000
120800000
120900000
121000000
122000000
123000000
124000000
125000000
126000000
127000000
128000000
129000000
130000000
130000001
130000002
130000003
130000004
130000005
130000006
130000007
130000008
130000009
130000010
130000020
130000030
130000040
130000050
130000060
130000070
130000080
130000090
130000100
130000200
130000300
130000400
130000500
130000600
130000700
130000800
130000900
130001000
130002000
130003000
130004000
130005000
130006000
130007000
130008000
130009000
130010000
130020000
130030000
130040000
130050000
130060000
130070000
130080000
130090000
130100000
130200000
130300000
130400000
130500000
130600000
130700000
130800000
130900000
131000000
132000000
133000000
134000000
135000000
136000000
137000000
138000000
139000000
140000000
140000001
140000002
140000003
140000004
140000005
140000006
140000007
140000008
140000009
140000010
140000020
140000030
140000040
140000050
140000060
140000070
140000080
140000090
140000100
140000200
140000300
140000400
140000500
140000600
140000700
140000800
140000900
140001000
140002000
140003000
140004000
140005000
140006000
140007000
140008000
140009000
140010000
140020000
140030000
140040000
140050000
140060000
140070000
140080000
140090000
140100000
140200000
140300000
140400000
140500000
140600000
140700000
140800000
140900000
141000000
142000000
143000000
144000000
145000000
146000000
147000000
148000000
149000000
150000000
150000001
150000002
150000003
150000004
150000005
150000006
150000007
150000008
150000009
150000010
150000020
150000030
150000040
150000050
150000060
150000070
150000080
150000090
150000100
150000200
150000300
150000400
150000500
150000600
150000700
150000800
150000900
150001000
150002000
150003000
150004000
150005000
150006000
150007000
150008000
150009000
150010000
150020000
150030000
150040000
150050000
150060000
150070000
150080000
150090000
150100000
150200000
150300000
150400000
150500000
150600000
150700000
150800000
150900000
151000000
152000000
153000000
154000000
155000000
156000000
157000000
158000000
159000000
160000000
160000001
160000002
160000003
160000004
160000005
160000006
160000007
160000008
160000009
160000010
160000020
160000030
160000040
160000050
160000060
160000070
160000080
160000090
160000100
160000200
160000300
160000400
160000500
160000600
160000700
160000800
160000900
160001000
160002000
160003000
160004000
160005000
160006000
160007000
160008000
160009000
160010000
160020000
160030000
160040000
160050000
160060000
160070000
160080000
160090000
160100000
160200000
160300000
160400000
160500000
160600000
160700000
160800000
160900000
161000000
162000000
163000000
164000000
165000000
166000000
167000000
168000000
169000000
170000000
170000001
170000002
170000003
170000004
170000005
170000006
170000007
170000008
170000009
170000010
170000020
170000030
170000040
170000050
170000060
170000070
170000080
170000090
170000100
170000200
170000300
170000400
170000500
170000600
170000700
170000800
170000900
170001000
170002000
170003000
170004000
170005000
170006000
170007000
170008000
170009000
170010000
170020000
170030000
170040000
170050000
170060000
170070000
170080000
170090000
170100000
170200000
170300000
170400000
170500000
170600000
170700000
170800000
170900000
171000000
172000000
173000000
174000000
175000000
176000000
177000000
178000000
179000000
180000000
180000001
180000002
180000003
180000004
180000005
180000006
180000007
180000008
180000009
180000010
180000020
180000030
180000040
180000050
180000060
180000070
180000080
180000090
180000100
180000200
180000300
180000400
180000500
180000600
180000700
180000800
180000900
180001000
180002000
180003000
180004000
180005000
180006000
180007000
180008000
180009000
180010000
180020000
180030000
180040000
180050000
180060000
180070000
180080000
180090000
180100000
180200000
180300000
180400000
180500000
180600000
180700000
180800000
180900000
181000000
182000000
183000000
184000000
185000000
186000000
187000000
188000000
189000000
190000000
190000001
190000002
190000003
190000004
190000005
190000006
190000007
190000008
190000009
190000010
190000020
190000030
190000040
190000050
190000060
190000070
190000080
190000090
190000100
190000200
190000300
190000400
190000500
190000600
190000700
190000800
190000900
190001000
190002000
190003000
190004000
190005000
190006000
190007000
190008000
190009000
190010000
190020000
190030000
190040000
190050000
190060000
190070000
190080000
190090000
190100000
190200000
190300000
190400000
190500000
190600000
190700000
190800000
190900000
191000000
192000000
193000000
194000000
195000000
196000000
197000000
198000000
199000000
200000000
200000001
200000002
200000003
200000004
200000005
200000006
200000007
200000008
200000009
200000010
200000020
200000030
200000040
200000050
200000060
200000070
200000080
200000090
200000100
200000200
200000300
200000400
200000500
200000600
200000700
200000800
200000900
200001000
200002000
200003000
200004000
200005000
200006000
200007000
200008000
200009000
200010000
200020000
200030000
200040000
200050000
200060000
200070000
200080000
200090000
200100000
200200000
200300000
200400000
200500000
200600000
200700000
200800000
200900000
201000000
202000000
203000000
204000000
205000000
206000000
207000000
208000000
209000000
210000000
210000001
210000002
210000003
210000004
210000005
210000006
210000007
210000008
210000009
210000010
210000020
210000030
210000040
210000050
210000060
210000070
210000080
210000090
210000100
210000200
210000300
210000400
210000500
210000600
210000700
210000800
210000900
210001000
210002000
210003000
210004000
210005000
210006000
210007000
210008000
210009000
210010000
210020000
210030000
210040000
210050000
210060000
210070000
210080000
210090000
210100000
210200000
210300000
210400000
210500000
210600000
210700000
210800000
210900000
211000000
212000000
213000000
214000000
215000000
216000000
217000000
218000000
219000000
220000000
220000001
220000002
220000003
220000004
220000005
220000006
220000007
220000008
220000009
220000010
220000020
220000030
220000040
220000050
220000060
220000070
220000080
220000090
220000100
220000200
220000300
220000400
220000500
220000600
220000700
220000800
220000900
220001000
220002000
220003000
220004000
220005000
220006000
220007000
220008000
220009000
220010000
220020000
220030000
220040000
220050000
220060000
220070000
220080000
220090000
220100000
220200000
220300000
220400000
220500000
220600000
220700000
220800000
220900000
221000000
222000000
223000000
224000000
225000000
226000000
227000000
228000000
229000000
230000000
230000001
230000002
230000003
230000004
230000005
230000006
230000007
230000008
230000009
230000010
230000020
230000030
230000040
230000050
230000060
230000070
230000080
230000090
230000100
230000200
230000300
230000400
230000500
230000600
230000700
230000800
230000900
230001000
230002000
230003000
230004000
230005000
230006000
230007000
230008000
230009000
230010000
230020000
230030000
230040000
230050000
230060000
230070000
230080000
230090000
230100000
230200000
230300000
230400000
230500000
230600000
230700000
230800000
230900000
231000000
232000000
233000000
234000000
235000000
236000000
237000000
238000000
239000000
240000000
240000001
240000002
240000003
240000004
240000005
240000006
240000007
240000008
240000009
240000010
240000020
240000030
240000040
240000050
240000060
240000070
240000080
240000090
240000100
240000200
240000300
240000400
240000500
240000600
240000700
240000800
240000900
240001000
240002000
240003000
240004000
240005000
240006000
240007000
240008000
240009000
240010000
240020000
240030000
240040000
240050000
240060000
240070000
240080000
240090000
240100000
240200000
240300000
240400000
240500000
240600000
240700000
240800000
240900000
241000000
242000000
243000000
244000000
245000000
246000000
247000000
248000000
249000000
250000000
250000001
250000002
250000003
250000004
250000005
250000006
250000007
250000008
250000009
250000010
250000020
250000030
250000040
250000050
250000060
250000070
250000080
250000090
250000100
250000200
250000300
250000400
250000500
250000600
250000700
250000800
250000900
250001000
250002000
250003000
250004000
250005000
250006000
250007000
250008000
250009000
250010000
250020000
250030000
250040000
250050000
250060000
250070000
250080000
250090000
250100000
250200000
250300000
250400000
250500000
250600000
250700000
250800000
250900000
251000000
252000000
253000000
254000000
255000000
256000000
257000000
258000000
259000000
260000000
260000001
260000002
260000003
260000004
260000005
260000006
260000007
260000008
260000009
260000010
260000020
260000030
260000040
260000050
260000060
260000070
260000080
260000090
260000100
260000200
260000300
260000400
260000500
260000600
260000700
260000800
260000900
260001000
260002000
260003000
260004000
260005000
260006000
260007000
260008000
260009000
260010000
260020000
260030000
260040000
260050000
260060000
260070000
260080000
260090000
260100000
260200000
260300000
260400000
260500000
260600000
260700000
260800000
260900000
261000000
262000000
263000000
264000000
265000000
266000000
267000000
268000000
269000000
270000000
270000001
270000002
270000003
270000004
270000005
270000006
270000007
270000008
270000009
270000010
270000020
270000030
270000040
270000050
270000060
270000070
270000080
270000090
270000100
270000200
270000300
270000400
270000500
270000600
270000700
270000800
270000900
270001000
270002000
270003000
270004000
270005000
270006000
270007000
270008000
270009000
270010000
270020000
270030000
270040000
270050000
270060000
270070000
270080000
270090000
270100000
270200000
270300000
270400000
270500000
270600000
270700000
270800000
270900000
271000000
272000000
273000000
274000000
275000000
276000000
277000000
278000000
279000000
280000000
280000001
280000002
280000003
280000004
280000005
280000006
280000007
280000008
280000009
280000010
280000020
280000030
280000040
280000050
280000060
280000070
280000080
280000090
280000100
280000200
280000300
280000400
280000500
280000600
280000700
280000800
280000900
280001000
280002000
280003000
280004000
280005000
280006000
280007000
280008000
280009000
280010000
280020000
280030000
280040000
280050000
280060000
280070000
280080000
280090000
280100000
280200000
280300000
280400000
280500000
280600000
280700000
280800000
280900000
281000000
282000000
283000000
284000000
285000000
286000000
287000000
288000000
289000000
290000000
290000001
290000002
290000003
290000004
290000005
290000006
290000007
290000008
290000009
290000010
290000020
290000030
290000040
290000050
290000060
290000070
290000080
290000090
290000100
290000200
290000300
290000400
290000500
290000600
290000700
290000800
290000900
290001000
290002000
290003000
290004000
290005000
290006000
290007000
290008000
290009000
290010000
290020000
290030000
290040000
290050000
290060000
290070000
290080000
290090000
290100000
290200000
290300000
290400000
290500000
290600000
290700000
290800000
290900000
291000000
292000000
293000000
294000000
295000000
296000000
297000000
298000000
299000000
300000000
300000001
300000002
300000003
300000004
300000005
300000006
300000007
300000008
300000009
300000010
300000020
300000030
300000040
300000050
300000060
300000070
300000080
300000090
300000100
300000200
300000300
300000400
300000500
300000600
300000700
300000800
300000900
300001000
300002000
300003000
300004000
300005000
300006000
300007000
300008000
300009000
300010000
300020000
300030000
300040000
300050000
300060000
300070000
300080000
300090000
300100000
300200000
300300000
300400000
300500000
300600000
300700000
300800000
300900000
301000000
302000000
303000000
304000000
305000000
306000000
307000000
308000000
309000000
310000000
310000001
310000002
310000003
310000004
310000005
310000006
310000007
310000008
310000009
310000010
310000020
310000030
310000040
310000050
310000060
310000070
310000080
310000090
310000100
310000200
310000300
310000400
310000500
310000600
310000700
310000800
310000900
310001000
310002000
310003000
310004000
310005000
310006000
310007000
310008000
310009000
310010000
310020000
310030000
310040000
310050000
310060000
310070000
310080000
310090000
310100000
310200000
310300000
310400000
310500000
310600000
310700000
310800000
310900000
311000000
312000000
313000000
314000000
315000000
316000000
317000000
318000000
319000000
320000000
320000001
320000002
320000003
320000004
320000005
320000006
320000007
320000008
320000009
320000010
320000020
320000030
320000040
320000050
320000060
320000070
320000080
320000090
320000100
320000200
320000300
320000400
320000500
320000600
320000700
320000800
320000900
320001000
320002000
320003000
320004000
320005000
320006000
320007000
320008000
320009000
320010000
320020000
320030000
320040000
320050000
320060000
320070000
320080000
320090000
320100000
320200000
320300000
320400000
320500000
320600000
320700000
320800000
320900000
321000000
322000000
323000000
324000000
325000000
326000000
327000000
328000000
329000000
330000000
330000001
330000002
330000003
330000004
330000005
330000006
330000007
330000008
330000009
330000010
330000020
330000030
330000040
330000050
330000060
330000070
330000080
330000090
330000100
330000200
330000300
330000400
330000500
330000600
330000700
330000800
330000900
330001000
330002000
330003000
330004000
330005000
330006000
330007000
330008000
330009000
330010000
330020000
330030000
330040000
330050000
330060000
330070000
330080000
330090000
330100000
330200000
330300000
330400000
330500000
330600000
330700000
330800000
330900000
331000000
332000000
333000000
334000000
335000000
336000000
337000000
338000000
339000000
340000000
340000001
340000002
340000003
340000004
340000005
340000006
340000007
340000008
340000009
340000010
340000020
340000030
340000040
340000050
340000060
340000070
340000080
340000090
340000100
340000200
340000300
340000400
340000500
340000600
340000700
340000800
340000900
340001000
340002000
340003000
340004000
340005000
340006000
340007000
340008000
340009000
340010000
340020000
340030000
340040000
340050000
340060000
340070000
340080000
340090000
340100000
340200000
340300000
340400000
340500000
340600000
340700000
340800000
340900000
341000000
342000000
343000000
344000000
345000000
346000000
347000000
348000000
349000000
350000000
350000001
350000002
350000003
350000004
350000005
350000006
350000007
350000008
350000009
350000010
350000020
350000030
350000040
350000050
350000060
350000070
350000080
350000090
350000100
350000200
350000300
350000400
350000500
350000600
350000700
350000800
350000900
350001000
350002000
350003000
350004000
350005000
350006000
350007000
350008000
350009000
350010000
350020000
350030000
350040000
350050000
350060000
350070000
350080000
350090000
350100000
350200000
350300000
350400000
350500000
350600000
350700000
350800000
350900000
351000000
352000000
353000000
354000000
355000000
356000000
357000000
358000000
359000000
360000000
360000001
360000002
360000003
360000004
360000005
360000006
360000007
360000008
360000009
360000010
360000020
360000030
360000040
360000050
360000060
360000070
360000080
360000090
360000100
360000200
360000300
360000400
360000500
360000600
360000700
360000800
360000900
360001000
360002000
360003000
360004000
360005000
360006000
360007000
360008000
360009000
360010000
360020000
360030000
360040000
360050000
360060000
360070000
360080000
360090000
360100000
360200000
360300000
360400000
360500000
360600000
360700000
360800000
360900000
361000000
362000000
363000000
364000000
365000000
366000000
367000000
368000000
369000000
370000000
370000001
370000002
370000003
370000004
370000005
370000006
370000007
370000008
370000009
370000010
370000020
370000030
370000040
370000050
370000060
370000070
370000080
370000090
370000100
370000200
370000300
370000400
370000500
370000600
370000700
370000800
370000900
370001000
370002000
370003000
370004000
370005000
370006000
370007000
370008000
370009000
370010000
370020000
370030000
370040000
370050000
370060000
370070000
370080000
370090000
370100000
370200000
370300000
370400000
370500000
370600000
370700000
370800000
370900000
371000000
372000000
373000000
374000000
375000000
376000000
377000000
378000000
379000000
380000000
380000001
380000002
380000003
380000004
380000005
380000006
380000007
380000008
380000009
380000010
380000020
380000030
380000040
380000050
380000060
380000070
380000080
380000090
380000100
380000200
380000300
380000400
380000500
380000600
380000700
380000800
380000900
380001000
380002000
380003000
380004000
380005000
380006000
380007000
380008000
380009000
380010000
380020000
380030000
380040000
380050000
380060000
380070000
380080000
380090000
380100000
380200000
380300000
380400000
380500000
380600000
380700000
380800000
380900000
381000000
382000000
383000000
384000000
385000000
386000000
387000000
388000000
389000000
390000000
390000001
390000002
390000003
390000004
390000005
390000006
390000007
390000008
390000009
390000010
390000020
390000030
390000040
390000050
390000060
390000070
390000080
390000090
390000100
390000200
390000300
390000400
390000500
390000600
390000700
390000800
390000900
390001000
390002000
390003000
390004000
390005000
390006000
390007000
390008000
390009000
390010000
390020000
390030000
390040000
390050000
390060000
390070000
390080000
390090000
390100000
390200000
390300000
390400000
390500000
390600000
390700000
390800000
390900000
391000000
392000000
393000000
394000000
395000000
396000000
397000000
398000000
399000000
400000000
400000001
400000002
400000003
400000004
400000005
400000006
400000007
400000008
400000009
400000010
400000020
400000030
400000040
400000050
400000060
400000070
400000080
400000090
400000100
400000200
400000300
400000400
400000500
400000600
400000700
400000800
400000900
400001000
400002000
400003000
400004000
400005000
400006000
400007000
400008000
400009000
400010000
400020000
400030000
400040000
400050000
400060000
400070000
400080000
400090000
400100000
400200000
400300000
400400000
400500000
400600000
400700000
400800000
400900000
401000000
402000000
403000000
404000000
405000000
406000000
407000000
408000000
409000000
410000000
410000001
410000002
410000003
410000004
410000005
410000006
410000007
410000008
410000009
410000010
410000020
410000030
410000040
410000050
410000060
410000070
410000080
410000090
410000100
410000200
410000300
410000400
410000500
410000600
410000700
410000800
410000900
410001000
410002000
410003000
410004000
410005000
410006000
410007000
410008000
410009000
410010000
410020000
410030000
410040000
410050000
410060000
410070000
410080000
410090000
410100000
410200000
410300000
410400000
410500000
410600000
410700000
410800000
410900000
411000000
412000000
413000000
414000000
415000000
416000000
417000000
418000000
419000000
420000000
420000001
420000002
420000003
420000004
420000005
420000006
420000007
420000008
420000009
420000010
420000020
420000030
420000040
420000050
420000060
420000070
420000080
420000090
420000100
420000200
420000300
420000400
420000500
420000600
420000700
420000800
420000900
420001000
420002000
420003000
420004000
420005000
420006000
420007000
420008000
420009000
420010000
420020000
420030000
420040000
420050000
420060000
420070000
420080000
420090000
420100000
420200000
420300000
420400000
420500000
420600000
420700000
420800000
420900000
421000000
422000000
423000000
424000000
425000000
426000000
427000000
428000000
429000000
430000000
430000001
430000002
430000003
430000004
430000005
430000006
430000007
430000008
430000009
430000010
430000020
430000030
430000040
430000050
430000060
430000070
430000080
430000090
430000100
430000200
430000300
430000400
430000500
430000600
430000700
430000800
430000900
430001000
430002000
430003000
430004000
430005000
430006000
430007000
430008000
430009000
430010000
430020000
430030000
430040000
430050000
430060000
430070000
430080000
430090000
430100000
430200000
430300000
430400000
430500000
430600000
430700000
430800000
430900000
431000000
432000000
433000000
434000000
435000000
436000000
437000000
438000000
439000000
440000000
440000001
440000002
440000003
440000004
440000005
440000006
440000007
440000008
440000009
440000010
440000020
440000030
440000040
440000050
440000060
440000070
440000080
440000090
440000100
440000200
440000300
440000400
440000500
440000600
440000700
440000800
440000900
440001000
440002000
440003000
440004000
440005000
440006000
440007000
440008000
440009000
440010000
440020000
440030000
440040000
440050000
440060000
440070000
440080000
440090000
440100000
440200000
440300000
440400000
440500000
440600000
440700000
440800000
440900000
441000000
442000000
443000000
444000000
445000000
446000000
447000000
448000000
449000000
450000000
450000001
450000002
450000003
450000004
450000005
450000006
450000007
450000008
450000009
450000010
450000020
450000030
450000040
450000050
450000060
450000070
450000080
450000090
450000100
450000200
450000300
450000400
450000500
450000600
450000700
450000800
450000900
450001000
450002000
450003000
450004000
450005000
450006000
450007000
450008000
450009000
450010000
450020000
450030000
450040000
450050000
450060000
450070000
450080000
450090000
450100000
450200000
450300000
450400000
450500000
450600000
450700000
450800000
450900000
451000000
452000000
453000000
454000000
455000000
456000000
457000000
458000000
459000000
460000000
460000001
460000002
460000003
460000004
460000005
460000006
460000007
460000008
460000009
460000010
460000020
460000030
460000040
460000050
460000060
460000070
460000080
460000090
460000100
460000200
460000300
460000400
460000500
460000600
460000700
460000800
460000900
460001000
460002000
460003000
460004000
460005000
460006000
460007000
460008000
460009000
460010000
460020000
460030000
460040000
460050000
460060000
460070000
460080000
460090000
460100000
460200000
460300000
460400000
460500000
460600000
460700000
460800000
460900000
461000000
462000000
463000000
464000000
465000000
466000000
467000000
468000000
469000000
470000000
470000001
470000002
470000003
470000004
470000005
470000006
470000007
470000008
470000009
470000010
470000020
470000030
470000040
470000050
470000060
470000070
470000080
470000090
470000100
470000200
470000300
470000400
470000500
470000600
470000700
470000800
470000900
470001000
470002000
470003000
470004000
470005000
470006000
470007000
470008000
470009000
470010000
470020000
470030000
470040000
470050000
470060000
470070000
470080000
470090000
470100000
470200000
470300000
470400000
470500000
470600000
470700000
470800000
470900000
471000000
472000000
473000000
474000000
475000000
476000000
477000000
478000000
479000000
480000000
480000001
480000002
480000003
480000004
480000005
480000006
480000007
480000008
480000009
480000010
480000020
480000030
480000040
480000050
480000060
480000070
480000080
480000090
480000100
480000200
480000300
480000400
480000500
480000600
480000700
480000800
480000900
480001000
480002000
480003000
480004000
480005000
480006000
480007000
480008000
480009000
480010000
480020000
480030000
480040000
480050000
480060000
480070000
480080000
480090000
480100000
480200000
480300000
480400000
480500000
480600000
480700000
480800000
480900000
481000000
482000000
483000000
484000000
485000000
486000000
487000000
488000000
489000000
490000000
490000001
490000002
490000003
490000004
490000005
490000006
490000007
490000008
490000009
490000010
490000020
490000030
490000040
490000050
490000060
490000070
490000080
490000090
490000100
490000200
490000300
490000400
490000500
490000600
490000700
490000800
490000900
490001000
490002000
490003000
490004000
490005000
490006000
490007000
490008000
490009000
490010000
490020000
490030000
490040000
490050000
490060000
490070000
490080000
490090000
490100000
490200000
490300000
490400000
490500000
490600000
490700000
490800000
490900000
491000000
492000000
493000000
494000000
495000000
496000000
497000000
498000000
499000000
500000000
500000001
